CCSDS_TDM_VERS = 2.0
COMMENT TDM example created by yyyyy-nnnA Nav Team (NASA/JPL)
COMMENT StarTrek: one minute of launch angles from DSS-16
CREATION_DATE = 2005-157T18:25:00
ORIGINATOR = NASA
META_START
TIME_SYSTEM = UTC
START_TIME = 2004-216T07:44:00
STOP_TIME = 2004-216T07:45:00
PARTICIPANT_1 = DSS-16
PARTICIPANT_2 = yyyy-nnnA
MODE = SEQUENTIAL
PATH = 2,1
ANGLE_TYPE = XSYE
CORRECTION_ANGLE_1 = -0.09
CORRECTION_ANGLE_2 = 0.18
CORRECTIONS_APPLIED = NO
META_STOP
DATA_START
ANGLE_1 = 2004-216T07:44:00 -23.62012
ANGLE_2 = 2004-216T07:44:00 -73.11035
ANGLE_1 = 2004-216T07:44:10 -23.04004
ANGLE_2 = 2004-216T07:44:10 -72.74316
ANGLE_1 = 2004-216T07:44:20 -22.78125
ANGLE_2 = 2004-216T07:44:20 -72.53027
ANGLE_1 = 2004-216T07:44:30 -22.59180
ANGLE_2 = 2004-216T07:44:30 -72.37598
ANGLE_1 = 2004-216T07:44:40 -22.40527
ANGLE_2 = 2004-216T07:44:40 -72.23730
ANGLE_1 = 2004-216T07:44:50 -22.23047
ANGLE_2 = 2004-216T07:44:50 -72.08887
ANGLE_1 = 2004-216T07:45:00 -22.08984
ANGLE_2 = 2004-216T07:45:00 -71.93750
DATA_STOP