CCSDS_TDM_VERS = 2.0
COMMENT GEOSCX_INP
CREATION_DATE = 2007-08-30T12:01:44.749
ORIGINATOR = DLR
META_START
TIME_SYSTEM = UTC
START_TIME = 2007-08-29T07:00:02.000
STOP_TIME = 2007-08-29T14:00:02.000
PARTICIPANT_1 = HBSTK
PARTICIPANT_2 = SAT
MODE = SEQUENTIAL
PATH = 1,2,1
INTEGRATION_INTERVAL = 1.0
INTEGRATION_REF = END
ANGLE_TYPE = XSYE
DATA_QUALITY = RAW
META_STOP
DATA_START
DOPPLER_INTEGRATED = 2007-08-29T07:00:02.000 -1.498776048
ANGLE_1 = 2007-08-29T07:00:02.000 67.01312389
ANGLE_2 = 2007-08-29T07:00:02.000 18.28395556
DOPPLER_INTEGRATED = 2007-08-29T08:00:02.000 -2.201305217
ANGLE_1 = 2007-08-29T08:00:02.000 67.01982278
ANGLE_2 = 2007-08-29T08:00:02.000 21.19609167
DOPPLER_INTEGRATED = 2007-08-29T12:00:02.000 2.248620597
ANGLE_1 = 2007-08-29T12:00:02.000 -84.79697583
ANGLE_2 = 2007-08-29T12:00:02.000 4.11574444
DOPPLER_INTEGRATED = 2007-08-29T13:00:02.000 1.547592295
ANGLE_1 = 2007-08-29T13:00:02.000 -85.14762500
ANGLE_2 = 2007-08-29T13:00:02.000 4.35471389
DOPPLER_INTEGRATED = 2007-08-29T14:00:02.000 0.929545817
ANGLE_1 = 2007-08-29T14:00:02.000 -89.35626083
ANGLE_2 = 2007-08-29T14:00:02.000 2.78791667
DATA_STOP
META_START
TIME_SYSTEM = UTC
START_TIME = 2007-08-29T06:00:02.000
STOP_TIME = 2007-08-29T12:00:02.000
PARTICIPANT_1 = WHM1
PARTICIPANT_2 = SAT
MODE = SEQUENTIAL
PATH = 1,2,1
INTEGRATION_INTERVAL = 1.0
INTEGRATION_REF = END
RANGE_MODE = CONSTANT
RANGE_MODULUS = 1.000000E+07
ANGLE_TYPE = AZEL
DATA_QUALITY = RAW
META_STOP
DATA_START
RANGE = 2007-08-29T06:00:02.000 4.00165248953670E+04
DOPPLER_INTEGRATED = 2007-08-29T06:00:02.000 -0.885640091
ANGLE_1 = 2007-08-29T06:00:02.000 99.53204250
ANGLE_2 = 2007-08-29T06:00:02.000 1.26724167
RANGE = 2007-08-29T07:00:02.000 3.57238793591890E+04
DOPPLER_INTEGRATED = 2007-08-29T07:00:02.000 -1.510223139
ANGLE_1 = 2007-08-29T07:00:02.000 103.33061750
ANGLE_2 = 2007-08-29T07:00:02.000 4.77875278
RANGE = 2007-08-29T08:00:02.000 2.90270197047210E+04
DOPPLER_INTEGRATED = 2007-08-29T08:00:02.000 -2.229907387
ANGLE_1 = 2007-08-29T08:00:02.000 104.60635806
ANGLE_2 = 2007-08-29T08:00:02.000 5.47492500
RANGE = 2007-08-29T12:00:02.000 2.81439006334980E+04
DOPPLER_INTEGRATED = 2007-08-29T12:00:02.000 2.222121620
ANGLE_1 = 2007-08-29T12:00:02.000 240.89006194
ANGLE_2 = 2007-08-29T12:00:02.000 6.71215556
DATA_STOP