CCSDS_TDM_VERS = 2.0
COMMENT CREATED BY JPL TTC PGM V33.0.2
CREATION_DATE = 2010-050T20:15:02.000
ORIGINATOR = NASA/JPL/DSN
META_START
COMMENT DOWNLINK CHANNEL NUMBER 4
TIME_SYSTEM = UTC
START_TIME = 2010-049T16:49:43.000
STOP_TIME = 2010-049T17:04:43.000
PARTICIPANT_1 = DSS-26
PARTICIPANT_2 = CAS
MODE = SEQUENTIAL
PATH = 1,2,1
TRANSMIT_BAND = X
RECEIVE_BAND = X
TURNAROUND_NUMERATOR = 880
TURNAROUND_DENOMINATOR = 749
TIMETAG_REF = RECEIVE
INTEGRATION_INTERVAL = 60.0
INTEGRATION_REF = MIDDLE
FREQ_OFFSET = 8427221784.667
RECEIVE_DELAY_1 = 0.00000556
DATA_QUALITY = VALIDATED
META_STOP
DATA_START
RECEIVE_FREQ_1 = 2010-049T16:49:43.000 60255.16982
RECEIVE_FREQ_1 = 2010-049T16:50:43.000 60271.18801
RECEIVE_FREQ_1 = 2010-049T16:51:43.000 60287.20579
RECEIVE_FREQ_1 = 2010-049T16:52:43.000 60303.22356
RECEIVE_FREQ_1 = 2010-049T16:53:43.000 60319.24150
RECEIVE_FREQ_1 = 2010-049T16:54:43.000 60335.25922
RECEIVE_FREQ_1 = 2010-049T16:55:43.000 60351.27720
RECEIVE_FREQ_1 = 2010-049T16:56:43.000 60368.00758
RECEIVE_FREQ_1 = 2010-049T16:57:43.000 60387.66759
RECEIVE_FREQ_1 = 2010-049T16:58:43.000 60407.64419
RECEIVE_FREQ_1 = 2010-049T16:59:43.000 60427.62086
RECEIVE_FREQ_1 = 2010-049T17:00:43.000 60447.59751
RECEIVE_FREQ_1 = 2010-049T17:01:43.000 60467.57420
RECEIVE_FREQ_1 = 2010-049T17:02:43.000 60487.55087
RECEIVE_FREQ_1 = 2010-049T17:03:43.000 60507.52741
RECEIVE_FREQ_1 = 2010-049T17:04:43.000 60527.50426
DATA_STOP