CCSDS_TDM_VERS = 2.0
COMMENT This TDM example contains single differenced Doppler data.
CREATION_DATE = 2006-354T01:38:00Z
ORIGINATOR = NASA
META_START
TIME_SYSTEM = UTC
START_TIME = 2003-07-08T04:45:25.0000
STOP_TIME = 2003-07-08T04:48:25.0000
PARTICIPANT_1 = yyyy-nnnA
PARTICIPANT_2 = DSS-24
PARTICIPANT_3 = DSS-25
MODE = SINGLE_DIFF
PATH_1 = 1,2
PATH_2 = 1,3
TRANSMIT_BAND = X
RECEIVE_BAND = X
INTEGRATION_INTERVAL = 10.0
INTEGRATION_REF = MIDDLE
RECEIVE_DELAY_2 = 0.00007732
RECEIVE_DELAY_3 = 0.00007732
DATA_QUALITY = VALIDATED
META_STOP
DATA_START
COMMENT Transmit frequency is S/C beacon one OWLT prior to receive time
TRANSMIT_FREQ_1 = 2003-07-08T04:10:00.0000 8.435360E+09
RECEIVE_FREQ = 2003-07-08T04:45:25.0000 8.738750457763670E+00
RECEIVE_FREQ = 2003-07-08T04:45:35.0000 8.320683479309080E+00
RECEIVE_FREQ = 2003-07-08T04:45:45.0000 7.909399032592770E+00
RECEIVE_FREQ = 2003-07-08T04:45:55.0000 7.490205764770500E+00
RECEIVE_FREQ = 2003-07-08T04:46:05.0000 7.149572372436510E+00
RECEIVE_FREQ = 2003-07-08T04:46:15.0000 6.808938980102530E+00
RECEIVE_FREQ = 2003-07-08T04:46:25.0000 6.481011390686030E+00
RECEIVE_FREQ = 2003-07-08T04:46:35.0000 6.167441368103020E+00
RECEIVE_FREQ = 2003-07-08T04:46:45.0000 5.865190505981440E+00
RECEIVE_FREQ = 2003-07-08T04:46:55.0000 5.590643882751460E+00
RECEIVE_FREQ = 2003-07-08T04:47:05.0000 5.330531120300290E+00
RECEIVE_FREQ = 2003-07-08T04:47:15.0000 5.083267211914060E+00
RECEIVE_FREQ = 2003-07-08T04:47:25.0000 4.850607872009270E+00
RECEIVE_FREQ = 2003-07-08T04:47:35.0000 4.643701979796000E+00
RECEIVE_FREQ = 2003-07-08T04:47:45.0000 4.453802272725000E+00
RECEIVE_FREQ = 2003-07-08T04:47:55.0000 4.281702585856000E+00
RECEIVE_FREQ = 2003-07-08T04:48:05.0000 4.127402919189000E+00
RECEIVE_FREQ = 2003-07-08T04:48:15.0000 3.990903272724000E+00
RECEIVE_FREQ = 2003-07-08T04:48:25.0000 3.872203646461000E+00
DATA_STOP